Étape 1:
$$
\begin{bmatrix}
0.00 & 1.00 & 4.00 & 3.61 & 3.61 & 5.10 & 3.16 \\
1.00 & 0.00 & 3.00 & 2.83 & 3.16 & 5.00 & 2.24 \\
4.00 & 3.00 & 0.00 & 2.24 & 3.61 & 5.83 & 1.41 \\
3.61 & 2.83 & 2.24 & 0.00 & 1.41 & 3.61 & 3.00 \\
3.61 & 3.16 & 3.61 & 1.41 & 0.00 & 2.24 & 4.12 \\
5.10 & 5.00 & 5.83 & 3.61 & 2.24 & 0.00 & 6.32 \\
3.16 & 2.24 & 1.41 & 3.00 & 4.12 & 6.32 & 0.00 \\
\end{bmatrix}
$$

Étape 2:
$$
\begin{bmatrix}
0.00 & 2.24 & 3.61 & 5.83 & 1.41 & 3.00 \\
2.24 & 0.00 & 1.41 & 3.61 & 3.00 & 2.83 \\
3.61 & 1.41 & 0.00 & 2.24 & 4.12 & 3.16 \\
5.83 & 3.61 & 2.24 & 0.00 & 6.32 & 5.00 \\
1.41 & 3.00 & 4.12 & 6.32 & 0.00 & 2.24 \\
3.00 & 2.83 & 3.16 & 5.00 & 2.24 & 0.00 \\
\end{bmatrix}
$$

Étape 3:
$$
\begin{bmatrix}
0.00 & 1.41 & 3.61 & 2.83 & 2.24 \\
1.41 & 0.00 & 2.24 & 3.16 & 3.61 \\
3.61 & 2.24 & 0.00 & 5.00 & 5.83 \\
2.83 & 3.16 & 5.00 & 0.00 & 2.24 \\
2.24 & 3.61 & 5.83 & 2.24 & 0.00 \\
\end{bmatrix}
$$

Étape 4:
$$
\begin{bmatrix}
0.00 & 5.00 & 5.83 & 2.24 \\
5.00 & 0.00 & 2.24 & 2.83 \\
5.83 & 2.24 & 0.00 & 2.24 \\
2.24 & 2.83 & 2.24 & 0.00 \\
\end{bmatrix}
$$

Étape 5:
$$
\begin{bmatrix}
0.00 & 2.24 & 2.83 \\
2.24 & 0.00 & 2.24 \\
2.83 & 2.24 & 0.00 \\
\end{bmatrix}
$$

Étape 6:
$$
\begin{bmatrix}
0.00 & 2.24 \\
2.24 & 0.00 \\
\end{bmatrix}
$$

